 
 0.666667, -4.16334e-17, -4.85723e-17, -0.166667, -4.94396e-17, -0.166667, -0.166667, -0.166667,
 -4.16334e-17, 0.666667, -0.166667, -4.16334e-17, -0.166667, -4.16334e-17, -0.166667, -0.166667,
 -4.85723e-17, -0.166667, 0.666667, -4.16334e-17, -0.166667, -0.166667, -4.16334e-17, -0.166667,
 -0.166667, -4.16334e-17, -4.16334e-17, 0.666667, -0.166667, -0.166667, -0.166667, -4.16334e-17,
 -4.94396e-17, -0.166667, -0.166667, -0.166667, 0.666667, -4.16334e-17, -4.16334e-17, -0.166667,
 -0.166667, -4.16334e-17, -0.166667, -0.166667, -4.16334e-17, 0.666667, -0.166667, -4.16334e-17,
 -0.166667, -0.166667, -4.16334e-17, -0.166667, -4.16334e-17, -0.166667, 0.666667, -4.16334e-17,
 -0.166667, -0.166667, -0.166667, -4.16334e-17, -0.166667, -4.16334e-17, -4.16334e-17, 0.666667,

